500022927|690002951|20260723|10|21201|4|1000|690002951|690002951:10:21201:1000:False|{5CC6F1A1-6933-4EF9-B89B-84A9C68B1768}
500022927|690002951|20260723|15|30101|2|90|690002951|690002951:15:30101:90:False|{F3ED1E82-AC1D-45E0-9394-5126D1331CA3}
500022927|690002951|20260723|15|31001|2|60|690002951|690002951:15:31001:60:False|{AAE19280-58C0-4D14-B6B9-E3B9058C2A3F}
500022927|690002951|20260723|15|32001|2|100|690002951|690002951:15:32001:100:False|{BAF95774-5610-4289-93D1-8CD29716A561}
500022927|690002951|20260723|15|32003|1|290|690002951|690002951:15:32003:290:False|{6EEEAA8D-B222-4820-A276-C8D7BF69111A}
500022927|690002951|20260723|15|32008|1|150|690002951|690002951:15:32008:150:False|{816AE990-FB2E-4F01-9C0B-BCE0CEDA12DE}
500022927|690002951|20260723|15|32201|1|40|690002951|690002951:15:32201:40:False|{11AB6DDE-7C6A-4A1B-A8D0-2E125030348C}
500022927|690002951|20260723|15|32202|1|40|690002951|690002951:15:32202:40:False|{D39C1E85-5590-4DC8-A11D-3B7FA4D30BFD}
500022927|690002951|20260723|15|35105|2|300|690002951|690002951:15:35105:300:False|{78CFA158-C06A-417C-86E7-825EE1692E0E}
500022927|690002951|20260723|15|36506|1|350|690002951|690002951:15:36506:350:False|{F8A8C330-20FC-451A-AD80-63B8BF779457}
500022927|690002951|20260723|16|41004|1|350|690002951|690002951:16:41004:350:False|{F4E51C0D-8896-4B58-ADBD-E2FCCCD0426B}
500022927|690002951|20260723|17|55010|4|300|690002951|690002951:17:55010:300:False|{F4974382-492A-44E9-A8D6-E6036D9869A5}
500022927|690002951|20260723|17|55820|1|100|690002951|690002951:17:55820:100:False|{BC586754-FA59-4B07-B5C7-266964183B31}
500022927|690002951|20260723|9|51410|1|200|690002951|690002951:9:51410:200:False|{91CDACA1-BA3B-4E0D-B01D-74390E04AA67}
500040897||20260727|11||2|0|690727000004|690727000004:11::0|{815459BA-17CB-4B83-824C-FBB312176A7E}
500040897||20260727|17|55021|1|50|690727000004|690727000004:17:55021:50|{74DF5050-E880-4B68-869B-62A348F8DB4F}
500040897||20260727|18|52441|1|0|690727000004|690727000004:18:52441:0|{0A669070-FD4D-473A-83C5-1632D979A4E6}
500003551||20260727|17|55021|1|50|690727000007|690727000007:17:55021:50|{F4F2FCBF-7D26-4B6B-AFDD-907CD1113F92}
500003551||20260727|18|52441|1|0|690727000007|690727000007:18:52441:0|{8BB1E014-C4FE-4EFF-8F44-E1435CE473C4}
510062893||20260727|15|32103|1|40|690727000017|690727000017:15:32103:40|{BE00C1FB-1BA8-4252-A3B3-A87BB30698F8}
510062893||20260727|15|32202|1|40|690727000017|690727000017:15:32202:40|{4282CF02-2E82-4772-9C4B-0280D5FC66A3}
510062893||20260727|15|32205|1|60|690727000017|690727000017:15:32205:60|{A1913D15-680B-422B-AEC4-6B6A05BB8A7F}
510062893||20260727|17|55021|1|50|690727000017|690727000017:17:55021:50|{AAC56AAB-0567-4BC2-8C11-A22B4E6C5260}
510062893||20260727|18|52441|1|0|690727000017|690727000017:18:52441:0|{745AB542-A24E-48FC-851F-0E0E7A2C9C09}
500046175||20260727|17|55021|1|50|690727000034|690727000034:17:55021:50|{19F6CE78-6081-4D61-BFD8-D2514F298428}
500046175||20260727|17|55810|1|70|690727000034|690727000034:17:55810:70|{FADFF43E-F4E7-4AC5-8066-CEBDEBF25304}
500012295||20260727|17|55021|1|50|690727000039|690727000039:17:55021:50|{3DEADAEB-3882-4CBD-B2DD-B7685259FFE2}
500012295||20260727|18|52441|1|0|690727000039|690727000039:18:52441:0|{38D533A0-0FBA-4B8B-87D3-810BEBD0B2FE}
500047191||20260727|17|55021|1|50|690727000040|690727000040:17:55021:50|{4B4DE461-8954-4C76-A1AB-663EA0F15670}
500047191||20260727|17|55811|1|140|690727000040|690727000040:17:55811:140|{6811AD57-BD37-4456-97BA-CDB07EC5E00E}
500027265||20260727|17|55021|1|50|690727000045|690727000045:17:55021:50|{E8873800-F78F-4382-9BC7-A92E5E766D25}
500027265||20260727|18|52441|1|0|690727000045|690727000045:18:52441:0|{848FC9A0-9864-44D7-AD34-E11EF59BB653}
500027265||20260727|20|XXX14|1|100|690727000045|690727000045:20:XXX14:100|{2641E0FA-23D0-479D-AE2E-B6271D74B284}
500034912||20260727|11||20|3|690727000050|690727000050:11::3|{17F4A4DE-8EB6-4235-8220-FDF3CEAF1333}
500034912||20260727|15|30104|1|30|690727000050|690727000050:15:30104:30|{0299BB02-114B-4A64-9F80-87508EF380FE}
500034912||20260727|15|31004|1|10|690727000050|690727000050:15:31004:10|{AD873969-EAF9-48AD-951C-099D7D9EF9FB}
500034912||20260727|15|32004|1|200|690727000050|690727000050:15:32004:200|{15D3393F-022E-421C-A2B3-970DDF60A22D}
500034912||20260727|15|32103|1|40|690727000050|690727000050:15:32103:40|{6E95CBB8-56FC-4CA0-8833-4F089589FE3E}
500034912||20260727|15|32201|1|40|690727000050|690727000050:15:32201:40|{6CE5CAC9-3570-4789-9201-076EC9A2F304}
500034912||20260727|15|32202|1|40|690727000050|690727000050:15:32202:40|{A2371178-AC12-4301-9F87-766ED55FBA7E}
500034912||20260727|15|32203|1|40|690727000050|690727000050:15:32203:40|{B6C88EB6-9AB3-4FC7-A4F0-274B05036A95}
500034912||20260727|15|32205|1|60|690727000050|690727000050:15:32205:60|{50853116-A602-4CC6-886A-100DD2266CC9}
500034912||20260727|15|32401|1|150|690727000050|690727000050:15:32401:150|{C76AB994-04E2-4FF6-A15D-E0016E7E8C8F}
500034912||20260727|15|34116|1|270|690727000050|690727000050:15:34116:270|{95CDEB92-17F0-4884-AB1B-820A7BEFFEFA}
500034912||20260727|16|41003|1|250|690727000050|690727000050:16:41003:250|{31F62FF5-26D0-48B7-9A8A-071C27E73221}
500034912||20260727|17|55021|1|50|690727000050|690727000050:17:55021:50|{1F1F9224-179A-4F56-98C7-EA2BE81AF7F9}
500034912||20260727|17|55824|1|20|690727000050|690727000050:17:55824:20|{C4DCFFF8-62D3-498D-89B9-31B1586042B2}
500034912||20260727|18|52441|1|0|690727000050|690727000050:18:52441:0|{195B7664-47D1-4316-9924-0A3FAF9F4778}
500034912||20260727|19|71220|1|50|690727000050|690727000050:19:71220:50|{98314B1C-93EE-4A33-86DE-07F44630E42D}
500001470||20260727|12|64101|1|280|690727000070|690727000070:12:64101:280|{A3BCBFDE-CB1C-49D5-811B-21031F3B812A}
500001470||20260727|12|XXX13|2|0|690727000070|690727000070:12:XXX13:0|{7E495284-E5AA-4FDD-8466-CB3E6635DFF6}
500001470||20260727|17|55021|1|50|690727000070|690727000070:17:55021:50|{BBB51706-3583-42B1-A367-277E12CEC333}
670095137||20260727|17|55021|1|50|690727000074|690727000074:17:55021:50|{DE83037B-4CB5-419C-BAE1-9884403AF89C}
670095137||20260727|17|55320|1|50|690727000074|690727000074:17:55320:50|{CB60C1E0-C85B-48E6-9FBF-E60412AC9423}
640091794||20260727|12|64101|1|280|690727000081|690727000081:12:64101:280|{03084B51-204C-4569-86D5-F0A0491110C1}
640091794||20260727|12|XXX13|2|0|690727000081|690727000081:12:XXX13:0|{5BF93810-7635-464A-BAA8-AE356E944EE8}
640091794||20260727|17|55020|1|50|690727000081|690727000081:17:55020:50|{296F7DA9-6066-4854-8CFF-74CB7851C686}
500029595||20260727|17|55020|1|50|690727000084|690727000084:17:55020:50|{9D2B6FB0-BB1D-4006-9DD8-BCEF81283074}
500029595||20260727|17|55811|1|140|690727000084|690727000084:17:55811:140|{ED247703-84F6-4102-B6CB-F10E5846B969}
500053749||20260727|15|32608|1|170|690727000096|690727000096:15:32608:170|{15A8558C-7FF0-4DDA-B3F0-B718DA50E803}
500053749||20260727|15|32612|1|170|690727000096|690727000096:15:32612:170|{345CF779-1A68-4259-97E6-0FEE02357C40}
500053749||20260727|17|55020|1|50|690727000096|690727000096:17:55020:50|{8895E8C3-4A20-41D9-9DC1-9A309503CBC0}
500011392||20260727|17|55020|1|50|690727000115|690727000115:17:55020:50|{47B951C6-5920-410B-A1AB-3B0C7A1BC756}
500011392||20260727|20|XXX14|3|500|690727000115|690727000115:20:XXX14:500|{5315AC8D-F9B3-499B-9C21-F3C387D67F0E}
500011392||20260727|20|XXX14|2|70|690727000115|690727000115:20:XXX14:70|{8FCDEF77-C609-49AF-A1FB-85693DFFDB6B}
500035980||20260727|15|30101|1|90|690727000116|690727000116:15:30101:90|{18397275-7B82-4B73-B101-3F247F0F3EA8}
500035980||20260727|15|32003|1|290|690727000116|690727000116:15:32003:290|{9CB772A7-510F-4D6C-A939-6F148F8C48B8}
500035980||20260727|15|32201|1|40|690727000116|690727000116:15:32201:40|{A3FBD7BD-4DA5-4617-8D64-5081C8D429B7}
500035980||20260727|15|32202|1|40|690727000116|690727000116:15:32202:40|{4614DEC2-BAEB-4B2D-8D34-C139AC84F5CE}
500035980||20260727|15|36320|1|1800|690727000116|690727000116:15:36320:1800|{79DC7957-DEB9-44D4-B6AC-578F016018FE}
500035980||20260727|15|36350|1|220|690727000116|690727000116:15:36350:220|{4F76D457-0DA5-4A17-8594-C1EDEEE1CA3D}
500035980||20260727|15|37302|1|250|690727000116|690727000116:15:37302:250|{1B287A8C-6739-4031-89AB-DDFE2FE2BD90}
500035980||20260727|17|55020|1|50|690727000116|690727000116:17:55020:50|{4E7E30E7-5658-4345-BDCB-CB53CE5C092F}
500034484||20260727|12|XXX13|2|0|690727000126|690727000126:12:XXX13:0|{E1E03542-26C6-4B32-B278-7FA8FE772204}
500034484||20260727|17|55020|1|50|690727000126|690727000126:17:55020:50|{0840F538-4563-42E8-A561-FE9018C726AE}
500027358||20260727|17|55020|1|50|690727000135|690727000135:17:55020:50|{E849398A-C8B6-4576-B760-F7A1D708DEA5}
500027358||20260727|17|55811|1|140|690727000135|690727000135:17:55811:140|{36837483-D94D-45B8-9DE2-351FC5DDF3F5}
500008129||20260727|17|55020|1|50|690727000137|690727000137:17:55020:50|{3ABCB983-71B5-48AE-A131-ADDA48C62EC4}
670095153||20260727|17|55020|1|50|690727000140|690727000140:17:55020:50|{5E40EB90-4523-459E-8BCB-DF828839FC77}
670095153||20260727|17|55810|1|70|690727000140|690727000140:17:55810:70|{50A5DD8A-3C20-4E0A-8FEF-64F2F24973F2}
500047716||20260727|15|30104|1|30|690727000151|690727000151:15:30104:30|{AFAC64EC-E934-489C-A06D-BDBF460CFFD2}
500002610||20260727|15|30104|1|30|690727000158|690727000158:15:30104:30|{961BEB9D-D3FB-4E55-B39E-5C047D09E6FF}
500000853||20260727|13|58001|1|150|690727000213|690727000213:13:58001:150|{1A797A8D-78FB-4BE6-9952-8B3716C41C6B}
500009939||20260727|17|55020|1|50|690727000214|690727000214:17:55020:50|{E70A57B4-4062-441B-B8DE-AF5CE7D20AD7}
500009939||20260727|20|XXX14|3|500|690727000214|690727000214:20:XXX14:500|{554B5021-F185-464E-8309-4EDE5C599817}
500009939||20260727|20|XXX14|1|60|690727000214|690727000214:20:XXX14:60|{C56A3AEC-B4E2-45A6-9F65-61FEFEF3A0F8}
500009939||20260727|20|XXX14|2|70|690727000214|690727000214:20:XXX14:70|{3BE7E12B-65BC-4617-BBCC-BFF04BDE3E8D}
570078208||20260727|20|XXX14|1|100|690727000226|690727000226:20:XXX14:100|{03853236-377F-4415-BD3D-8D5F2CB73EE8}
570078208||20260727|20|XXX14|3|500|690727000226|690727000226:20:XXX14:500|{849C0A29-9FF0-422F-8C96-C1918ED54F89}
570078208||20260727|20|XXX14|1|70|690727000226|690727000226:20:XXX14:70|{CD25E43C-D7A9-4294-BD1F-977FF1AE57A0}
570078208||20260727|20|XXX14|1|80|690727000226|690727000226:20:XXX14:80|{1F3A9683-CC84-4C1F-B597-0E8A8FCD8669}
570078207||20260727|17|55020|1|50|690727000227|690727000227:17:55020:50|{32BECC73-66A7-47C4-B519-5721736190F3}
570078207||20260727|20|XXX14|1|100|690727000227|690727000227:20:XXX14:100|{E94E33F6-50D5-438C-B8F4-094D3A41A4FC}
570078207||20260727|20|XXX14|3|500|690727000227|690727000227:20:XXX14:500|{A14FCFE6-63F7-4CD6-B4F7-24E4884CB9B5}
570078207||20260727|20|XXX14|1|80|690727000227|690727000227:20:XXX14:80|{7BDF2053-FC2F-42D4-90B9-73E42710B4C3}
500048111||20260727|17|55020|1|50|690727000230|690727000230:17:55020:50|{6A039EA7-56CF-4518-AD9D-5687BE9A6A7C}
500048111||20260727|17|55810|1|70|690727000230|690727000230:17:55810:70|{80D38EAA-A44B-4BF2-A752-482280B311BF}
500018518||20260727|17|55020|1|50|690727000231|690727000231:17:55020:50|{318B3EE3-36CD-429B-B126-B342184314B2}
500018518||20260727|20|XXX14|1|100|690727000231|690727000231:20:XXX14:100|{AF55EA8E-20E5-47F2-BEE5-3F6BFD7B0DA2}
500018518||20260727|20|XXX14|3|500|690727000231|690727000231:20:XXX14:500|{177CD524-D6A5-4D7F-BCC7-95F769FD6A2D}
500018518||20260727|20|XXX14|1|70|690727000231|690727000231:20:XXX14:70|{F6BDDAA2-7EA6-49BC-A432-49D45AA4E677}
500018518||20260727|20|XXX14|1|80|690727000231|690727000231:20:XXX14:80|{64D96853-EF80-4014-944C-013312421829}
570078264||20260727|17|55020|1|50|690727000234|690727000234:17:55020:50|{6BEE40A6-18D9-48CC-AA40-B9EAEAE7F032}
570078264||20260727|20|XXX14|1|100|690727000234|690727000234:20:XXX14:100|{0472BEC5-0D15-417B-B84E-B362792653A9}
570078264||20260727|20|XXX14|2|60|690727000234|690727000234:20:XXX14:60|{0E6435D6-F598-4A40-A01C-496B86E3DA76}
570078264||20260727|20|XXX14|1|80|690727000234|690727000234:20:XXX14:80|{1055B13A-511E-414C-B9D8-E5CADF029498}
520065582||20260727|17|55020|1|50|690727000236|690727000236:17:55020:50|{F64BFD5F-782C-4922-8553-A15532E6C1A7}
520065582||20260727|20|XXX14|1|100|690727000236|690727000236:20:XXX14:100|{8B6C3151-00E9-40D0-96AA-AAA968685F50}
520065582||20260727|20|XXX14|3|500|690727000236|690727000236:20:XXX14:500|{08174E4D-B66B-45E3-87E8-74159524CD64}
520065582||20260727|20|XXX14|1|70|690727000236|690727000236:20:XXX14:70|{2FE6ADAB-9E86-47AF-96E6-A277093964A6}
520065582||20260727|20|XXX14|1|80|690727000236|690727000236:20:XXX14:80|{DB5E3AF5-C72A-4C7F-B4A7-9C6424AC1AD6}
500006751||20260727|17|55020|1|50|690727000242|690727000242:17:55020:50|{D9FEF452-45FF-430B-870B-DBBE3890EAD2}
500006751||20260727|20|XXX14|1|100|690727000242|690727000242:20:XXX14:100|{675DC23E-0802-4FAF-8135-9D122B312E17}
500006751||20260727|20|XXX14|3|500|690727000242|690727000242:20:XXX14:500|{9899F5B5-6049-43ED-BD8F-6968AE970F7D}
500006751||20260727|20|XXX14|1|80|690727000242|690727000242:20:XXX14:80|{EC4882BF-D2DD-4901-9098-A6A3A4982EFE}
500018234||20260727|17|55020|1|50|690727000243|690727000243:17:55020:50|{1AD31C0D-5E30-4480-AB9D-B3D3B062F004}
500018234||20260727|20|XXX14|1|100|690727000243|690727000243:20:XXX14:100|{5B639A91-158B-4109-8161-191386741A52}
500018234||20260727|20|XXX14|3|500|690727000243|690727000243:20:XXX14:500|{49EB9526-F342-441F-9301-F952053351FD}
500018234||20260727|20|XXX14|1|80|690727000243|690727000243:20:XXX14:80|{AA991D7C-DEAC-4DF9-8A3A-2A032A2F45D6}
500012126||20260727|17|55020|1|50|690727000244|690727000244:17:55020:50|{D436F6D3-84CA-4893-AE91-6E88B8CE954B}
500012126||20260727|20|XXX14|1|100|690727000244|690727000244:20:XXX14:100|{9D320DF5-18D0-4751-ABA9-AA510213B765}
500012126||20260727|20|XXX14|3|500|690727000244|690727000244:20:XXX14:500|{B76C7B62-BBF9-4381-AC4D-4DB289E1F066}
500012126||20260727|20|XXX14|1|80|690727000244|690727000244:20:XXX14:80|{1C90999E-231E-4595-9422-E30FE07CBD78}
500048970||20260727|17|55020|1|50|690727000246|690727000246:17:55020:50|{57081D81-9DBD-41F4-9482-F0E8CC619E69}
500048970||20260727|20|XXX14|1|100|690727000246|690727000246:20:XXX14:100|{ACAF9863-9935-404F-8870-93F01CDB7C90}
500048970||20260727|20|XXX14|3|500|690727000246|690727000246:20:XXX14:500|{7AA495E1-2CAC-4C84-8255-AEBAFBF03897}
500048970||20260727|20|XXX14|1|80|690727000246|690727000246:20:XXX14:80|{E4C30C57-5832-461A-9B5A-BDEDB5E46843}
500056774||20260727|17|55020|1|50|690727000256|690727000256:17:55020:50|{0A067FEC-714D-48F8-A5AC-342ECD8267A3}
500056774||20260727|20|XXX14|1|100|690727000256|690727000256:20:XXX14:100|{A5FCC0BC-59F4-4CCB-BAFA-E3B2EA346E30}
500056774||20260727|20|XXX14|3|500|690727000256|690727000256:20:XXX14:500|{DF8959EF-8D79-4074-97EE-24711DA48E43}
500056774||20260727|20|XXX14|1|80|690727000256|690727000256:20:XXX14:80|{96C1BA46-EA7C-465B-A5FC-AA743EE93EC6}
590080075||20260727|17|55020|1|50|690727000257|690727000257:17:55020:50|{BA6A9E91-BF9A-4F45-93B5-203114B7309F}
590080075||20260727|20|XXX14|1|100|690727000257|690727000257:20:XXX14:100|{F4BB0978-5B2D-4A29-ACB3-399F9CDDBFCB}
590080075||20260727|20|XXX14|1|80|690727000257|690727000257:20:XXX14:80|{2A01B7C7-CFB2-452E-89F3-A17A379AD39E}
500035249||20260727|17|55021|1|50|690727000273|690727000273:17:55021:50|{BCCBFF45-1976-40F9-B3DF-479536BFF793}
500024027||20260727|17|55021|1|50|690727002722|690727002722:17:55021:50|{7CEAA0D5-7C16-4A98-A100-151641D242A9}
500024027||20260727|17|55822|2|20|690727002722|690727002722:17:55822:20|{7E307CD4-4B2D-4CBE-A886-CBA9EF71D50D}
500024027||20260727|9|51410|1|200|690727002722|690727002722:9:51410:200|{7988BB3D-1DC6-4944-AA57-351F209F37E0}
500010151||20260727|15|30104|1|30|690727064321|690727064321:15:30104:30|{EB5C1BF1-4126-46B3-A0A8-022E90D3EEFB}
500010151||20260727|15|31004|1|10|690727064321|690727064321:15:31004:10|{298712CA-47D9-4FFB-A753-CC62328FA87F}
500010151||20260727|15|32004|1|200|690727064321|690727064321:15:32004:200|{DF0C42C3-23ED-49BF-8564-D6C4A3AC20AB}
500010151||20260727|15|32103|1|40|690727064321|690727064321:15:32103:40|{4D19B13C-8655-4FDB-B343-809AD508F9D4}
500010151||20260727|15|32201|1|40|690727064321|690727064321:15:32201:40|{DFCEE909-CCDA-4533-B084-3A012F59FABB}
500010151||20260727|15|32202|1|40|690727064321|690727064321:15:32202:40|{DC66645E-AC5E-4615-8718-6D93E244C81D}
500010151||20260727|15|32203|1|40|690727064321|690727064321:15:32203:40|{D4D41890-990D-4356-80D0-3B6D81A1705A}
500010151||20260727|15|32205|1|60|690727064321|690727064321:15:32205:60|{7B07570A-6B4F-45EC-9575-21C53B033266}
500010151||20260727|15|34116|1|270|690727064321|690727064321:15:34116:270|{1A44FF2B-C790-4B58-BD99-557FE0FC9D06}
500010151||20260727|17|55021|1|50|690727064321|690727064321:17:55021:50|{F0518962-F9A3-4FE4-A3EE-E820119CC876}
500010151||20260727|18|52441|1|0|690727064321|690727064321:18:52441:0|{E5A75B89-F72B-44DC-9641-B1F56B03830B}
500026688||20260727|17|55021|1|50|690727072929|690727072929:17:55021:50|{88197B78-27B2-492A-80FF-55C12070FC7D}
500026688||20260727|20|XXX14|1|100|690727072929|690727072929:20:XXX14:100|{31AAA1D1-0881-416B-86F2-86DF648BE08A}
540071838||20260727|17|55021|1|50|690727075601|690727075601:17:55021:50|{1F17F2F2-E2F1-4149-9EC5-F3D7F53B1FD3}
500010797||20260727|15|30101|1|90|690727075943|690727075943:15:30101:90|{8ABD2AF1-2619-46F9-A16D-FBCD0E47196A}
500010797||20260727|17|55021|1|50|690727075943|690727075943:17:55021:50|{22BCDC1B-F553-49F0-A638-818DB8300151}
500010798||20260727|17|55020|1|50|690727080133|690727080133:17:55020:50|{56D94989-6D52-4FDF-8A2F-D36A2FC7D87C}
630087963||20260727|17|55020|1|50|690727083219|690727083219:17:55020:50|{FDD239F0-217A-42CE-AA29-7E55C99B60E8}
500027567||20260727|15|30101|1|90|690727085235|690727085235:15:30101:90|{8295CAB3-8510-4768-8AFE-767F8E64DC67}
500027567||20260727|15|31001|1|60|690727085235|690727085235:15:31001:60|{766ED7E1-7DCF-4377-AEF4-CC01D781EF74}
500027567||20260727|15|32001|1|100|690727085235|690727085235:15:32001:100|{594F890D-F4F8-47DE-BB25-A9FE81B56284}
500027567||20260727|15|32003|1|290|690727085235|690727085235:15:32003:290|{31C9BFBB-3C49-4EB8-835D-F60B0AE99B74}
500027567||20260727|15|32201|1|40|690727085235|690727085235:15:32201:40|{ED96FAC4-7DC9-4FE6-8B39-9B6A441D310F}
500027567||20260727|15|32202|1|40|690727085235|690727085235:15:32202:40|{0648C342-ED10-42D2-95EB-8A85EBDCBE5E}
500027567||20260727|16|41003|1|250|690727085235|690727085235:16:41003:250|{466DC686-3B6B-47E9-B31A-35AADA155C7F}
500027567||20260727|17|55020|1|50|690727085235|690727085235:17:55020:50|{97E9E584-CB63-4055-BEA7-AAB2A70EB9D2}
500027567||20260727|17|55822|2|20|690727085235|690727085235:17:55822:20|{CB01C012-C759-4C67-AB68-DED1A237AA94}
500029744||20260727|17|55020|1|50|690727090448|690727090448:17:55020:50|{ADCDCB02-A67A-475D-9462-0F8734F38D50}
500003172||20260727|16|41003|1|250|690727092537|690727092537:16:41003:250|{201CFB33-8B82-41AD-9AA9-C853FFFEFFDA}
500003172||20260727|17|55020|1|50|690727092537|690727092537:17:55020:50|{334E19BF-3219-466F-8181-FC5EFD369228}
500003172||20260727|17|55823|1|20|690727092537|690727092537:17:55823:20|{4B932E5E-706C-4F91-A5BB-3A26AA1C9116}
500008651||20260727|17|55020|1|50|690727092642|690727092642:17:55020:50|{EE311846-F16C-4A32-8050-04F53A75C81A}
500027188||20260727|17|55020|1|50|690727094523|690727094523:17:55020:50|{A87DC9F0-E0A9-4934-8223-D67F034B2825}
550072826||20260727|17|55020|1|50|690727105033|690727105033:17:55020:50|{26245921-B63E-4B8F-8D39-4D1DCF1AFBB1}
550072826||20260727|17|55611|1|90|690727105033|690727105033:17:55611:90|{26CEC57A-18DC-49AD-B2B8-552E2857ABCC}
570077155||20260727|15|31001|1|60|690727105948|690727105948:15:31001:60|{6EFDA9AD-059B-4E97-8600-7E3704DFC61A}
570077155||20260727|15|31101|1|70|690727105948|690727105948:15:31101:70|{D23A4F6F-95AD-4A9F-A1F1-DC38A608C4F0}
570077155||20260727|17|55020|1|50|690727105948|690727105948:17:55020:50|{50ADED6D-2098-4E9D-98C2-D810C52FB2EB}
570077155||20260727|4|30014|1|75|690727105948|690727105948:4:30014:75|{4C192129-F147-4AAD-AD62-0E9BDAE10B4F}
500001140||20260727|17|55020|1|50|690727112807|690727112807:17:55020:50|{532FD0D0-5AB1-4166-8919-74ECC3617D4D}
500006324||20260727|17|55020|1|50|690727133909|690727133909:17:55020:50|{78FEFC23-AA5C-4169-B598-6F3A095912E9}
500040524||20260727|17|55020|1|50|690727141417|690727141417:17:55020:50|{593F1F6A-4F3D-4564-8866-0C02C7621F0F}
500040524||20260727|20|XXX14|1|100|690727141417|690727141417:20:XXX14:100|{89EF0A90-398B-4AE0-9F75-83779FCB20C7}
500040524||20260727|20|XXX14|3|500|690727141417|690727141417:20:XXX14:500|{F09693A2-9643-4289-877C-BCBE0790FB92}
500040524||20260727|20|XXX14|1|80|690727141417|690727141417:20:XXX14:80|{42418E80-71E4-40E9-B25D-C38030BE0688}
500011591||20260727|17|55020|1|50|690727141453|690727141453:17:55020:50|{8184CD63-CC96-4DA9-B4F4-208415D8531E}
500011591||20260727|20|XXX14|1|100|690727141453|690727141453:20:XXX14:100|{B22E57B7-C75F-4016-AAA4-4A0FB3921F6C}
500011591||20260727|20|XXX14|3|500|690727141453|690727141453:20:XXX14:500|{3A998535-D215-4F0B-98A1-850A02C17BA5}
500011591||20260727|20|XXX14|1|80|690727141453|690727141453:20:XXX14:80|{71BDC422-A5CC-4C98-9213-455EC8ED6988}
500025810||20260727|17|55020|1|50|690727143253|690727143253:17:55020:50|{896854E8-6D85-415C-A3E6-85BCB82E67A2}
500025810||20260727|2|8307|1|1000|690727143253|690727143253:2:8307:1000|{4AC59971-685C-47C4-882B-CF35C6CF8A1B}
500025810||20260727|20|XXX14|1|100|690727143253|690727143253:20:XXX14:100|{AD49ACC1-A334-4D13-B897-5BAFC3ED8C18}
500025810||20260727|20|XXX14|3|500|690727143253|690727143253:20:XXX14:500|{1540D081-2E4F-4788-8A40-844894C6C15A}
500025810||20260727|20|XXX14|1|80|690727143253|690727143253:20:XXX14:80|{341A82A6-7897-4F22-9EFF-56C61A839CB0}
500000500||20260727|17|55020|1|50|690727143838|690727143838:17:55020:50|{1766D8A2-FC0B-4BE5-A467-E09169521119}
500000500||20260727|20|XXX14|1|100|690727143838|690727143838:20:XXX14:100|{F6CF864F-DEDC-4A5E-A196-0B0F0D7CCF58}
500000500||20260727|20|XXX14|3|500|690727143838|690727143838:20:XXX14:500|{7D2B921D-143B-43D5-B262-9BC2D9E210BE}
500000500||20260727|20|XXX14|1|80|690727143838|690727143838:20:XXX14:80|{DDF8192B-87DD-476A-8EC8-23E31FF4636B}
500013426||20260727|17|55020|1|50|690727150251|690727150251:17:55020:50|{C401F4FF-979B-4DCD-8BBE-5F7B83D5C621}
540071883||20260727|17|55020|1|50|690727152835|690727152835:17:55020:50|{C2D40CD3-B162-4E54-867A-2DC0CE4B93FD}
500015442||20260727|17|55811|1|140|690727160203|690727160203:17:55811:140|{DC92814F-6E2F-4D5C-BF6C-FA775CD98A79}
670095137||20260727|17|55320|1|50|690727171255|690727171255:17:55320:50|{B7B50751-75AF-4F5C-8E7C-89ABE7DC696E}
500059649||20260727|17|55020|1|50|690727172649|690727172649:17:55020:50|{8AF2AB8D-67BF-4755-8B38-B2140C0BE220}
500059649||20260727|20|XXX14|1|100|690727172649|690727172649:20:XXX14:100|{1BBB1C24-B3A5-453F-862B-4039E874E307}
500059649||20260727|20|XXX14|3|500|690727172649|690727172649:20:XXX14:500|{837C1166-2DCD-4FBA-8E5B-004DBE0561D3}
500059649||20260727|20|XXX14|1|70|690727172649|690727172649:20:XXX14:70|{A39E76DF-44E7-4069-96EF-B2A619D52464}
500059649||20260727|20|XXX14|1|80|690727172649|690727172649:20:XXX14:80|{25F3921F-E9F7-438C-86AB-A6BFE3FC6491}
690097915||20260727|17|55020|1|50|690727183905|690727183905:17:55020:50|{73A1C6D7-BF38-4040-AA1B-74FBCFB670CC}
690097915||20260727|20|XXX14|1|100|690727183905|690727183905:20:XXX14:100|{87A8B2FE-8E84-43DB-80A2-C482EA320BA7}
690097915||20260727|20|XXX14|3|500|690727183905|690727183905:20:XXX14:500|{13B8D3E2-F033-42FA-B7B4-13B289E8F077}
690097915||20260727|20|XXX14|1|70|690727183905|690727183905:20:XXX14:70|{241FD3B8-ECB3-4D22-9895-48AB4F376876}
690097915||20260727|20|XXX14|1|80|690727183905|690727183905:20:XXX14:80|{25140E23-9C54-421A-B1DC-B3D3B1C28719}
